328936394
322118532
321854486
325733426
322990066
322493624
322074566
324652004
324460252
324424114
322869696
322697450
325885244
325801268
322617756
325848876
322130456
324441254
321852024
327727926
323861782
329767914
327400386
324411190
325035048
324414152
325737380
322521636
322046170
324317738
328100348
322538192
330812380
326535036
327350956
331016118
322159784
324330390
326017542
325829248
324436622
331442790
331314166
325767978
329637374
326468290
324294324
327396138
323352680
330831416
323813080
328623414
321977672
322455538
327001452
324559364
328826332
327160558
327236190
323006758
329122672
324423454
323775896
322633968
326783154
328861246
329616828
325490378
325107838
327001462
324514122
326718268
322130258
322197172
330203470
331224478
332399230
322899616
331588006
326562092
322441310
330601906
326292176
323486362
325872504
324469196
322831228
321894342
331565512
327375118
322633980
330624336
326376276
331199282
331205216
331898484
326870680
325118590
325772106
325120790
